Vector Kr : 
226
29
165
244
196
217
3
27
66
223
2
230
117
237
4
64
54
115
131
216
84
157
106
11
28
177
56
70
249
177
232
83
163
81
242
0
129
90
126
100
14
152
255
202
101
157
159
135
208
19
150
75
52
88
108
149
137
111
182
185
141
201
66
54
80
184
178
49
220
20
131
237
234
227
68
249
27
39
139
100
247
215
112
197
65
149
217
1
30
82
72
170
137
195
237
198
94
240
146
52
165
235
187
128
2
56
157
253
79
43
169
201
153
35
125
234
139
45
82
212
47
88
14
40
107
6
176
141
60
21
98
242
1
90
89
43
141
231
152
122
107
179
174
134
22
171
56
198
109
12
224
33
194
63
97
116
230
178
243
98
228
18
4
233
17
14
72
49
227
246
58
76
92
54
247
135
26
110
128
162
134
121
49
239
151
35
19
227
54
94
15
108
66
27
148
24
148
129
13
248
37
97
232
114
206
205
121
25
52
178
30
88
126
232
31
193
255
74
126
72
210
90
210
52
Vector Kc : 
95
187
169
170
243
89
63
219
119
194
85
207
12
248
230
236
207
3
210
77
209
119
92
51
5
176
167
159
2
93
199
42
219
221
174
109
81
40
71
182
154
72
18
225
21
252
26
170
136
168
244
232
109
86
237
238
67
204
135
168
249
30
246
195
124
250
225
205
78
246
250
215
36
158
44
171
125
72
237
70
209
103
120
126
223
99
146
25
23
77
30
1
78
161
115
136
63
194
17
137
32
163
213
3
49
152
5
136
168
116
80
187
72
27
147
198
220
40
247
241
225
73
82
21
209
35
219
126
254
214
49
21
217
129
54
214
145
228
43
28
20
190
81
95
129
68
252
53
112
49
191
91
91
254
225
30
1
64
201
46
57
144
136
194
182
66
186
33
34
158
107
73
24
3
203
6
121
47
153
48
115
92
210
160
192
92
168
1
117
53
204
135
159
183
161
27
25
35
35
251
204
189
66
164
30
8
121
30
204
30
176
183
205
240
141
59
194
34
61
90
196
142
63
7
145
ITER_MAX : 
1
